1374589281 2013-07-23_15:21 1469 1166 303
1374685610 2013-07-24_18:06 1471 1168 303
1374685643 2013-07-24_18:07 1471 1168 303
1374691647 2013-07-24_19:47 1473 1170 303
1374692205 2013-07-24_19:56 1473 1170 303
1374692267 2013-07-24_19:57 1473 1170 303
1374693095 2013-07-24_20:11 1473 1170 303
1374693446 2013-07-24_20:17 1473 1170 303
1374700647 2013-07-24_22:17 1473 1170 303
1374707851 2013-07-25_00:17 1474 1170 304
1374715059 2013-07-25_02:17 1474 1170 304
1374722247 2013-07-25_04:17 1475 1171 304
1374729447 2013-07-25_06:17 1475 1171 304
1374736649 2013-07-25_08:17 1476 1172 304
1374743846 2013-07-25_10:17 1476 1172 304
1374751048 2013-07-25T12:17 1476 1172 304
1374758253 2013-07-25T14:17 1476 1172 304
1374765446 2013-07-25T16:17 1476 1172 304
1374772646 2013-07-25T18:17 1476 1172 304
1374779847 2013-07-25T20:17 1476 1172 304
1374787049 2013-07-25T22:17 1476 1172 304
