1374589145 2013-07-23_15:19 940 823 117
1374676107 2013-07-24_15:28 942 825 117
1374676209 2013-07-24_15:30 942 825 117
1374676260 2013-07-24_15:31 942 825 117
1374676332 2013-07-24_15:32 942 825 117
1374685604 2013-07-24_18:06 942 825 117
1374685638 2013-07-24_18:07 942 825 117
1374691635 2013-07-24_19:47 942 825 117
1374692200 2013-07-24_19:56 942 825 117
1374692263 2013-07-24_19:57 942 825 117
1374693091 2013-07-24_20:11 942 825 117
1374693441 2013-07-24_20:17 942 825 117
1374700641 2013-07-24_22:17 942 825 117
1374707843 2013-07-25_00:17 942 825 117
