1414415554 2014-10-27T13:12 698 519 179
1414415590 2014-10-27T13:13 698 519 179
1414416530 2014-10-27T13:28 698 519 179
1414416639 2014-10-27T13:30 698 519 179
1414438553 2014-10-27T19:35 698 519 179
1414460470 2014-10-28T01:41 698 519 179
1414482348 2014-10-28T07:45 698 519 179
1414504252 2014-10-28T13:50 699 519 180
1414526136 2014-10-28T19:55 699 519 180
1414548035 2014-10-29T02:00 699 519 180
1414569915 2014-10-29T08:05 699 519 180
1414591802 2014-10-29T14:10 699 519 180
1414613686 2014-10-29T20:14 700 520 180
1414635594 2014-10-30T02:19 701 520 181
